002074
000963
600104
300708
300160
601633
600690
002142
002466
600418
603919
300100
601168
600741
002050
600166
600363
002075
600711
002524
300207
300527
002493
300179
300491
300228
300139
002508
000703
000877
300438
300809
000034
300540
300370
002108
300693
300670
300350
300230
300325
300824
300007
600223
300126
600079
300432
600066
002726
300141
300393
300276
002353
600580
003015
300507
300469
300643
600685
600740
300471
000301
000672
300458
300825
601717
300641
000738
002648
300057
300227
300797
300490
000786
300405
300780
300306
603035
002706
000951
300543
300390
300258
300097
000921
300687
600110
300838
002253
300341
300752
605169
601966
300041
603298
300117
002430
300772
300093
300032
000030
600803
300013
003013
600733
300588
300619
603260
300746
688559
300849
603113
300240
600303
300150
002576
002674
002612
300680
002906
300535
600761
600532
601666
002064
003002
605008
603565
000816
002655
000957
300508
300143
000700
300698
300652
002577
603002
603960
300839
002978
300694
002345
300745
002835
300801
002082
300245
002639
300243
300475
000920
000913
300645
000976
300681
300551
000533
603950
300599
002454
002571
002009
002698
603630
300566
002819
