600006
600025
600059
600073
600081
600143
600151
600178
600185
600207
600223
600258
600316
600371
600458
600460
600521
600543
600597
600711
600732
600827
600859
600862
600975
601127
601238
601615
601633
601636
601677
601717
601865
601877
601952
603008
603010
603043
603069
603128
603131
603260
603308
603313
603363
603688
603690
603708
603920
603979
603982
603993
000012
000560
000592
000739
000796
000913
000922
000963
000998
002009
002023
002091
002118
002124
002129
002196
002218
002228
002245
002291
002317
002324
002407
002458
002497
002531
002548
002555
002567
002581
002582
002617
002630
002643
002646
002665
002695
002697
002702
002747
002759
002906
002946
002967
300018
300035
300050
300054
300112
300117
300132
300138
300159
300175
300178
300198
300241
300243
300255
300256
300258
300260
300304
300335
300427
300443
300449
300458
300466
300484
300498
300626
300719
300720
300740
300761
