600079
600081
600198
600335
600395
600478
600621
600633
600660
600733
600764
600798
600812
600827
600879
600933
600988
601127
603000
603298
603429
603505
603601
603712
603733
603859
603906
603987
000025
000066
000625
000683
000877
002064
002087
002125
002149
002202
002284
002294
002340
002362
002416
002506
002571
002626
002649
002832
300006
300027
300035
300091
300128
300143
300149
300160
300171
300203
300207
300225
300243
300261
300340
300342
300363
300378
300401
300421
300453
300506
300547
300619
300633
300737
300740
