600559
002466
601633
300160
600166
601216
000012
601238
300126
000034
300217
002555
300100
300597
300141
000550
300062
600006
300297
300491
000009
300377
600197
300118
600297
300647
300419
300310
002240
002405
300179
300582
002276
300230
002396
000762
300409
300228
300337
600580
300513
300375
002085
002194
300046
300718
300323
300393
300809
300520
000301
002759
300040
000039
300444
600586
300507
600733
002434
601231
300129
300549
300713
300840
300643
300324
300565
003015
002291
300664
600141
300719
300472
600059
300258
300221
600105
002334
300154
603565
300808
300707
300615
300586
002196
600199
002572
000985
300739
002139
300025
300490
601866
300112
300231
300044
300293
601388
600507
300410
688221
000957
300735
002042
002436
600875
300283
600178
300414
002484
603906
600876
600303
300097
300580
000564
600984
300698
300555
601872
000155
300151
000411
002249
601020
002984
300711
300795
002635
000922
002461
600198
002253
002660
002312
300798
601952
002091
600284
300560
300092
300038
300688
002706
300181
600848
000902
300626
300684
300173
300593
300312
002055
300225
300098
002123
002576
300047
300094
002906
600532
600081
300002
300605
600726
600172
000700
001696
300385
603665
000559
002164
002171
300447
002288
002387
300366
002424
600018
002928
300050
600171
600803
002533
603108
601208
300733
300796
002068
300477
002597
000898
002702
605066
300120
300631
300660
002897
300252
601126
600405
600771
300074
000533
300717
300622
002822
002292
002730
002375
600960
300076
603100
002478
603890
603915
300534
002837
300478
002454
300600
300599
300319
300106
600581
002756
002646
300249
601218
000908
603989
300282
002272
600609
002112
601339
002144
000407
002618
600808
600639
300506
002498
002105
000004
603968
002145
000708
600616
605198
002328
300716
300686
002369
600543
