600011
600059
600061
600085
600111
600118
600151
600158
600178
600183
600185
600197
600198
600199
600258
600259
600267
600299
600305
600316
600318
600338
600339
600346
600360
600362
600372
600391
600392
600409
600410
600435
600449
600458
600459
600489
600497
600549
600641
600645
600667
600685
600711
600720
600732
600737
600742
600756
600765
600766
600777
600812
600827
600850
600873
600882
600888
600893
600903
600909
600958
600967
600970
600988
600989
601016
601020
601069
601168
601198
601212
601216
601377
601600
601606
601609
601633
601698
601788
601899
601919
603002
603019
603128
603181
603218
603232
603306
603348
603533
603598
603601
603690
603890
603906
603916
603993
000007
000016
000034
000060
000063
000066
000158
000301
000411
000534
000555
000591
000612
000630
000672
000712
000713
000728
000738
000750
000758
000783
000789
000802
000813
000818
000831
000861
000869
000878
000901
000902
000908
000913
000930
000960
000996
001696
001979
002013
002019
002036
002065
002079
002097
002106
002131
002149
002152
002154
002155
002171
002180
002184
002191
002195
002212
002217
002268
002273
002291
002292
002293
002315
002317
002327
002340
002368
002389
002405
002413
002436
002449
002463
002478
002488
002493
002506
002524
002544
002570
002601
002602
002617
002626
002640
002646
002699
002726
002736
002739
002777
002856
002863
002889
002897
300002
300003
300017
300021
300022
300023
300025
300034
300043
300045
300049
300051
300061
300074
300076
300079
300097
300098
300099
300102
300106
300109
300113
300119
300123
300126
300127
300129
300131
300135
300139
300145
300151
300154
300158
300165
300176
300178
300179
300181
300183
300189
300197
300212
300213
300224
300239
300240
300242
300245
300253
300256
300257
300261
300266
300269
300272
300273
300278
300283
300287
300289
300292
300296
300299
300300
300303
300310
300311
300315
300323
300325
300333
300337
300339
300340
300343
300346
300353
300355
300358
300369
300370
300376
300378
300379
300389
300398
300399
300402
300404
300406
300428
300429
300444
300446
300451
300456
300466
300467
300472
300481
300499
300504
300506
300514
300540
300555
300557
300560
300564
300585
300596
300606
300631
300633
300656
300657
300665
300668
300670
300674
300678
300687
300688
300697
300708
300710
300713
300716
300733
300742
300743
300746
300748
300753
300755
300765
300779
300797
300798
300808
300809
300831
