600006
600019
600079
600110
600131
600141
600143
600151
600166
600172
600176
600197
600199
600203
600258
600291
600300
600303
600335
600406
600418
600438
600458
600531
600559
600580
600587
600658
600690
600732
600733
600741
600804
600811
600835
600876
600884
600900
600926
600966
600988
601126
601222
601225
601233
601388
601598
601633
601636
601666
601678
601866
601881
601966
601985
603050
603063
603100
603179
603197
603198
603298
603326
603337
603348
603466
603568
603588
603600
603767
603787
603856
603859
603906
603918
603919
603960
000012
000016
000039
000069
000100
000338
000400
000426
000516
000550
000559
000576
000581
000600
000612
000625
000636
000703
000725
000786
000807
000830
000869
000951
000967
000985
002015
002027
002042
002064
002074
002075
002085
002088
002091
002099
002108
002138
002158
002164
002194
002196
002218
002227
002237
002249
002250
002276
002285
002291
002299
002335
002389
002402
002407
002414
002425
002430
002444
002497
002524
002539
002556
002590
002597
002600
002639
002660
002662
002664
002674
002677
002738
002745
002747
002759
002782
002783
002832
002867
002878
002884
002906
300001
300004
300011
300013
300032
300035
300040
300046
300048
300057
300061
300066
300072
300087
300092
300100
300101
300107
300115
300118
300126
300135
300138
300139
300141
300150
300151
300153
300154
300160
300163
300165
300169
300177
300193
300210
300211
300214
300217
300220
300221
300222
300243
300247
300249
300250
300259
300265
300269
300272
300276
300281
300283
300286
300306
300320
300327
300329
300333
300356
300360
300375
300378
300380
300382
300389
300403
300407
300410
300414
300415
300420
300421
300423
300430
300432
300438
300457
300458
300462
300466
300472
300491
300493
300499
300503
300505
300506
300507
300513
300514
300534
300535
300537
300539
300547
300549
300551
300554
300555
300564
300565
300580
300585
300586
300588
300591
300597
300605
300611
300619
300622
300626
300631
300641
300647
300652
300654
300656
300660
300665
300667
300668
300679
300693
300700
300708
300712
300718
300719
300720
300736
300742
300752
300775
300780
300790
300796
300798
300808
300809
300823
300825
300828
300830
300831
