601233
600031
000807
600176
600559
002601
300821
000878
601186
601187
000877
000703
600720
002080
601800
300318
300891
601390
000933
600984
601609
002127
000157
601225
600197
000411
002263
000672
600516
600188
000401
600926
600740
002064
000789
605006
002194
300301
300225
300106
600282
601568
300092
300485
002258
600496
600199
601669
000717
000961
001914
000762
600336
002532
600165
300735
600782
002081
300041
002581
600449
600189
002695
300727
002413
002088
600515
002145
002996
000671
000488
600903
601001
601139
002372
600392
600970
300334
600985
600425
000902
600581
002461
300172
300717
300335
600397
603767
000629
002582
600616
002646
002096
300358
002999
600415
002946
600207
300005
300084
003013
300392
600300
002998
600678
603100
002548
000897
300632
300428
600348
002149
603109
000655
603112
605018
002556
300615
003016
600328
300168
000683
600807
600395
000552
002366
002941
605116
603393
600121
600167
300174
300698
600398
600293
300262
002109
000004
300415
300625
002685
300453
605399
603979
605058
300196
000698
002141
002650
000560
601015
000155
600971
300437
000545
003000
600802
002906
000404
603815
300622
002173
603617
000503
000959
002639
300187
603053
600339
600321
002457
601106
600477
600333
300198
000407
600139
603126
603007
300078
002103
605008
603689
603183
600565
000791
300056
002822
002419
603709
000521
002386
