600111
601600
600596
002506
600362
601168
688599
000831
600406
000807
000878
000039
600392
300019
600346
000933
002407
002493
002553
600363
601615
600549
601388
600105
000629
300224
601001
000612
300002
300064
300424
300301
600459
002068
600335
003012
601609
002756
600989
002408
600206
300188
000301
300287
603612
002195
300337
600888
002171
002318
603063
605399
300168
002402
000698
603718
002160
300542
002182
300113
002317
002585
002194
300283
002283
000751
002578
600338
002824
300164
300127
603069
300670
600331
300712
002363
002118
600218
002484
000564
300537
300740
600653
002096
600490
002782
000615
600983
603906
300325
603008
002135
600172
002378
300176
600792
603700
300340
300514
600499
600268
000969
600477
300215
600139
300634
600117
002297
300269
002398
300430
603126
300135
603619
002383
000796
000534
600569
002997
002724
603060
603828
000911
300391
002003
603679
300157
600773
000990
603377
300622
300652
603316
603603
002650
300490
002825
002659
603618
603900
