002466
600104
601456
002797
002044
601788
600988
002074
601878
002555
002497
000039
600019
000034
002240
600559
600999
601108
300153
000029
600418
601162
300001
000728
002625
002407
300315
000012
300083
601187
601872
002050
002617
300647
300062
600686
000768
300418
601225
002444
002400
300428
300419
600297
300537
000987
601990
002239
300350
000816
300377
300582
300100
300459
300809
000983
003015
300326
300141
601519
300224
300188
300568
300317
300464
300286
600621
300476
300225
600428
300035
300287
002132
300513
000800
002127
300403
300337
300368
000877
002078
300527
300116
600095
300127
002291
600888
000762
000070
300364
002747
300032
002488
300063
300227
300554
300739
300514
300405
300249
601598
300019
603825
002120
002662
300208
300008
300179
600685
300009
300547
300484
300468
300093
002425
600515
300061
300444
601388
000088
600765
300176
601975
300883
300402
300213
601311
300543
300632
600409
000676
300399
300718
601908
603035
300415
002335
300670
688299
300242
600189
000411
300389
300507
300112
300397
002675
000030
300698
300540
002171
600798
605058
300719
300356
002612
300309
605169
601677
600862
300044
002299
002413
300386
603612
300451
000688
002214
002839
300312
600199
300825
300314
600966
300067
600879
300265
600761
300128
002756
600742
600372
300041
002776
300562
300471
601702
300306
603069
601666
300643
300030
603167
300631
300013
300716
003002
600378
002827
300245
300593
300034
300234
300243
603982
300132
000155
300580
002930
603697
300359
300462
300830
300797
600807
300240
300467
300087
003006
300302
002950
003013
000004
300392
000011
603308
300808
300424
300341
603987
300766
300358
000576
300798
300627
002548
605006
300192
601000
300534
603906
300092
300201
300746
002320
600391
605008
300329
300780
000404
600172
002366
002967
002563
300106
603890
002417
300178
002571
605099
002392
600864
300076
002837
000969
603599
002885
603767
300427
002235
300152
605333
002909
300480
002301
300515
605218
002651
000608
688108
600961
002378
300446
000796
300691
300042
002298
300345
300404
300796
300505
688129
605088
002160
300652
300859
603131
601228
300519
300307
600114
603339
300779
002046
002040
603221
300288
300220
300305
300354
605018
603665
