600109
600104
002185
600690
600031
002456
601919
600703
601878
601456
002236
300315
601636
000012
000039
002156
600110
300647
601866
000591
002194
600711
600586
600776
300293
300537
600720
000425
003015
300448
300464
300032
601187
000703
000016
600867
601872
600018
600998
600095
603565
002648
600026
000985
600507
600428
000301
300061
601975
002315
600966
600848
300265
002747
600076
600273
600399
605058
300405
000030
000088
600189
002324
600203
600207
000566
300392
603306
003002
603906
600011
601702
300551
600360
300686
002272
002099
300467
600960
002517
300746
603536
300475
000503
000681
002563
300446
603665
300632
002824
002674
600798
600663
002827
603600
600268
688559
002378
600220
000996
603108
300198
000708
600532
605366
600810
002650
600819
000906
601298
605006
002699
603277
