600011
600093
600096
600110
600114
600121
600123
600151
600166
600176
600188
600213
600256
600295
600303
600307
600333
600336
600338
600348
600371
600397
600516
600569
600580
600581
600609
600660
600682
600686
600732
600740
600782
600792
600855
600876
600903
600960
600985
601001
601011
601015
601139
601238
601618
601633
601636
601666
601699
603063
603128
603227
603337
603393
603606
000009
000012
000547
000550
000552
000615
000633
000709
000712
000713
000717
000762
000800
000829
000830
000922
000933
000937
000983
002041
002126
002128
002226
002245
002288
002378
002385
002407
002455
002506
002517
002547
002581
002601
002630
002664
300022
300080
300142
300189
300205
300217
300227
300241
300435
300444
300489
300506
300513
300538
300540
300569
300680
300682
300717
300733
