000725
000100
300046
600988
601138
600690
600559
300062
300131
300194
601636
300102
002407
002075
300429
300123
002056
300419
002600
300582
601717
000012
300831
000555
002080
002506
300070
002078
300139
002750
002163
300188
002648
600409
300301
600197
603612
300456
600733
601058
300520
000612
600586
002138
300034
600835
002643
002695
002458
601609
002488
300054
003012
002299
300225
002745
002064
605169
002096
300249
600165
300476
000030
002250
600300
000967
605006
300560
000566
300334
000004
600160
300172
300398
003006
300430
600199
600803
603063
300765
601678
000505
300198
002372
002487
603587
601020
603906
600903
600059
603599
002234
300031
002367
300265
603100
300365
002046
603985
688129
002595
600203
600371
300745
600338
300262
002461
300422
603536
688093
300152
000902
688585
300410
002263
600761
300243
300385
603895
603916
300660
002088
002020
300174
600220
300749
603008
002613
300121
300637
605388
002345
603181
603277
300268
603519
300388
300382
300321
300332
300622
000407
600532
603609
300619
000626
603879
603970
300697
002069
603183
603703
