600048
600089
600169
600189
600291
600292
600297
600299
600378
600379
600381
600406
600517
600552
600655
600771
600776
600926
600989
601038
601127
601619
601778
601919
603016
603222
603429
603588
603686
603698
603707
603708
603825
603858
000002
000400
000403
000570
000582
000615
000656
000671
000739
000893
000899
000910
000918
000928
000961
000967
001896
002043
002096
002158
002191
002196
002245
002268
002291
002342
002375
002422
002510
002537
002572
002619
002625
002706
002805
002829
002867
002928
300031
300046
300062
300070
300091
300117
300148
300179
300217
300221
300222
300233
300263
300287
300293
300310
300343
300376
300403
300419
300476
300484
300582
300590
300633
300670
300705
300711
300766
