600072
600121
600143
600165
600166
600178
600198
600267
600295
600330
600335
600360
600363
600372
600391
600459
600460
600543
600609
600686
600733
600765
600770
600789
600835
601011
601058
601127
601208
601212
601636
601717
601866
601966
603010
603131
603258
603298
603305
603306
603308
603337
603348
603456
603515
603690
603707
603712
000009
000016
000030
000100
000521
000534
000589
000625
000636
000688
000725
000729
000738
000739
000750
000768
000821
000887
000902
000903
000976
002019
002030
002048
002050
002079
002099
002108
002126
002131
002132
002139
002153
002158
002169
002196
002249
002250
002258
002288
002362
002382
002389
002396
002414
002484
002518
002539
002544
002555
002556
002571
002583
002601
002614
002617
002624
002643
002649
002651
002683
002706
002733
002745
002801
002838
002958
002960
300001
300040
300059
300068
300072
300094
300100
300101
300102
300114
300131
300142
300147
300160
300182
300187
300188
300197
300199
300203
300221
300225
300228
300237
300243
300253
300271
300273
300293
300298
300302
300355
300398
300408
300409
300424
300449
300457
300460
300471
300476
300477
300490
300538
300566
300639
300655
300708
