600031
600066
600072
600108
600111
600125
600166
600185
600213
600218
600219
600246
600257
600260
600295
600303
600305
600313
600330
600333
600346
600371
600381
600391
600392
600397
600409
600459
600467
600507
600515
600516
600522
600546
600556
600584
600598
600609
600690
600733
600764
600765
600770
600792
600811
600850
600875
600876
601011
601016
601137
601179
601222
601236
601311
601808
601908
601985
603167
603306
603982
603985
000012
000040
000400
000411
000501
000505
000690
000723
000758
000768
000796
000800
000811
000913
000922
002056
002079
002092
002127
002130
002138
002185
002190
002239
002249
002276
002324
002389
002402
002487
002506
002610
002619
002664
002669
002865
002897
300001
300018
300040
300041
300046
300068
300080
300083
300091
300095
300113
300114
300117
300127
300129
300138
300141
300159
300171
300179
300185
300189
300197
300224
300227
300320
300376
300379
300393
300409
300427
300435
300444
300447
300471
300569
300589
300593
300647
300656
300657
300670
300719
300772
300775
