600055
600085
600109
600198
600199
600216
600217
600233
600300
600332
600352
600360
600380
600419
600426
600467
600499
600507
600535
600573
600597
600707
600739
600803
600804
600811
600812
600827
600873
600993
601208
601231
601598
601611
601860
601872
603027
603198
603225
603306
603330
603337
603456
603650
603696
603697
603758
603826
603886
603896
000301
000423
000652
000739
000807
000848
000886
000999
002044
002081
002100
002120
002138
002145
002156
002165
002169
002180
002185
002196
002241
002242
002254
002294
002310
002351
002373
002384
002436
002456
002461
002570
002571
002582
002605
002626
002645
002648
002661
002738
002801
002869
002946
002956
002966
300003
300040
300046
300053
300101
300102
300106
300131
300132
300136
300139
300146
300147
300159
300175
300200
300206
300224
300227
300286
300294
300313
300323
300327
300342
300376
300405
300415
300433
300538
300551
300602
300674
300684
300708
300721
300737
300752
