600121
600127
600176
600185
600251
600271
600338
600340
600343
600406
600415
600516
600641
600690
600771
600810
600862
600884
601011
601038
601225
601689
601788
601899
601919
603010
603016
603025
603027
603167
603225
603298
603533
603707
603738
603906
603915
603960
000155
000301
000423
000603
000633
000698
000723
000725
000798
000813
000831
000921
000963
002043
002054
002064
002074
002084
002124
002145
002158
002222
002240
002324
002436
002444
002455
002508
002572
002595
002597
002602
002612
002637
002653
002668
002813
002918
300019
300083
300119
300121
300131
300159
300169
300179
300271
300278
300304
300390
300441
300552
300648
300727
300738
300752
