002142
300527
000877
002353
600685
300471
000672
000738
300117
300240
600761
300694
300745
300801
002639
300645
002698
002819
600011
600061
600118
600151
600185
600198
600259
600267
600299
600305
600316
600318
600338
600339
600360
600372
600391
600410
600435
600459
600489
600641
600645
600667
600685
600737
600756
600766
600777
600812
600827
600882
600893
600903
600909
600967
600970
600989
601016
601198
601216
601606
601609
601698
601788
603019
603128
603232
603598
603601
603890
603906
000158
000411
000591
000672
000712
000713
000728
000738
000802
000818
000861
000878
000901
000908
000930
001979
002013
002019
002065
002079
002097
002106
002152
002171
002195
002212
002217
002268
002273
002317
002413
002436
002449
002478
002506
002570
002602
002617
002626
002640
002699
002897
300002
300003
300017
300034
300043
300045
300098
300099
300102
300106
300113
300123
300129
300158
300178
300183
300189
300197
300212
300239
300240
300242
300253
300257
300261
300266
300269
300273
300278
300287
300289
300292
300296
300300
300303
300315
300339
300340
300346
300353
300358
300369
300376
300379
300398
300404
300444
300446
300451
300456
300466
300606
300633
300674
300678
300733
300743
300753
600131
600143
600151
600291
600811
601881
603063
603856
603906
000576
002218
002237
002299
002425
002597
002639
002664
002745
300004
300048
300087
300101
300107
300115
300163
300211
300220
300221
300247
300265
300269
300380
300382
300466
300503
300537
300547
300591
300660
300679
300712
300719
300775
