600337
600540
600712
601777
603538
603600
000030
000567
000936
002084
002125
002568
002699
300023
300051
300229
300680
300740
000058
002074
002075
002154
002180
002581
300260
300297
300494
300538
300737
300791
600882
603520
002150
002522
002946
600146
000616
002107
300342
600834
300595
300803
600662
603501
300624
603697
603929
002662
300223
300767
600315
000859
002280
002291
300576
600198
002799
300343
300721
300793
600375
603866
000687
002481
300370
600360
600523
603236
603721
300008
300336
600203
600589
600599
688116
002492
600336
600556
603308
000592
002204
002292
002351
300188
300485
300655
600359
600506
600658
603777
000716
002264
002301
300058
300452
603987
000038
002596
300189
300224
300399
300798
