600057
600089
600151
600233
600282
600312
600406
600477
600523
600580
600668
600802
600855
600984
601606
601777
603131
603568
603599
603678
603766
603916
000100
000423
000656
000671
000708
000910
000961
000973
000975
002043
002045
002091
002104
002135
002137
002197
002204
002229
002398
002404
002430
002465
002539
002596
002757
002897
300040
300095
300233
300298
300416
300427
300452
300599
300629
300680
600131
600195
600201
600203
600246
600268
600329
600521
600546
600594
600597
600812
600885
601801
603043
603158
603313
603686
603700
000725
000739
002138
002242
002661
002675
002946
300006
300132
300149
300181
300244
300303
300369
300559
300568
300634
300673
