601012
600030
002812
600438
002607
600031
002508
000333
601888
603833
002475
603259
002129
002459
603501
002601
600984
600584
688363
000063
000977
600104
603236
603806
002032
600066
603345
002353
600038
603899
000651
000786
002832
002916
600183
600585
600862
600885
601233
601865
000002
000938
002126
002594
002600
600114
600887
603160
603288
603816
603916
688111
002001
002171
002242
002541
002850
600048
600406
601100
601808
603290
603605
688015
000425
000603
000708
000725
000967
002138
002271
002777
002867
600201
600309
600519
600547
600570
600580
600845
603700
603713
603719
000157
000338
000401
002013
002050
002078
002080
002120
002258
002415
002563
002677
002798
002821
600176
600276
600732
601088
601633
601899
601933
603214
603489
603606
603983
688005
688019
688200
688396
002081
002179
002233
002340
002439
002463
002831
002938
002967
600161
600258
600372
600456
600567
600720
600763
600809
600977
601615
601966
603018
603195
603218
603260
603650
603730
603799
603986
688021
000100
000681
000768
002064
002273
002299
002371
002402
002456
002460
002465
002531
002597
002643
002697
002714
002739
002747
002878
003816
600027
600036
600160
600298
600346
600352
600378
600426
600529
600612
600867
600966
601137
601139
601186
601390
601688
601828
603378
603505
603558
603737
603786
603866
688116
688126
688299
000596
000661
000902
000970
002008
002206
002230
002241
002262
002621
002624
002641
002672
002688
002705
002841
002901
600297
600305
600398
600486
600496
600588
600760
600967
601319
601398
601877
603010
603060
603127
603338
603515
603517
688029
688188
000043
000733
000807
000895
000910
002025
002027
002100
002156
002158
002202
002250
002311
002312
002332
002352
002449
002507
002602
002645
002648
002724
002912
002956
002982
600011
600141
600383
600395
600409
600704
600745
600754
600801
600803
600859
600900
600933
600985
600989
601231
601607
601666
603005
603187
603233
603298
603359
603486
603520
603568
603588
603612
603659
603699
603882
603919
688006
688268
688300
688388
000062
000403
000547
000703
000858
000876
000921
000949
000951
000999
002007
002028
002110
002221
002251
002281
002375
002396
002409
002414
002419
002466
002555
002616
002637
002675
002745
002791
002799
002818
002847
002876
002920
002935
600019
600116
600132
600143
600170
600196
600315
600323
600377
600416
600482
600511
600546
600597
600741
600764
600882
600893
601021
601225
601699
601799
603179
603181
603197
603208
603308
603337
603496
603587
603610
603613
603688
603707
603755
603808
603809
603826
603876
603997
688012
688016
688018
688020
688088
688366
831370
000625
000656
000792
000800
000810
000860
000937
000960
000983
000988
001965
002044
002111
002125
002128
002157
002191
002203
002214
002268
002292
002304
002343
002364
002368
002376
002399
002410
002458
002467
002511
002557
002583
002585
002595
002599
002605
002609
002666
002690
002749
002756
002792
002796
002815
002859
002879
002892
002893
002928
002968
002970
430139
430225
600079
600118
600195
600217
600273
600316
600362
600380
600449
600563
600598
600600
600660
600699
600703
600761
600765
600877
600879
601058
601117
601138
601158
601211
601311
601318
601512
601636
601677
601689
601766
601800
601858
601958
601985
603019
603078
603108
603158
603225
603297
603368
603583
603599
603600
603666
603690
603708
603712
603738
603788
603801
603825
603883
603960
603966
688002
688008
688009
688368
831353
831445
831550
832898
833266
834476
839729
000039
000049
000050
000060
000488
000498
000543
000553
000581
000598
000601
000672
000710
000756
000778
000825
000877
000883
000885
000888
000889
000920
000923
000932
000963
000968
000976
000998
001914
001979
002003
002024
002029
002035
002042
002043
002049
002055
002062
002068
002084
002097
002099
002106
002117
002123
002127
002139
002142
002151
002152
002153
002182
002212
002216
002223
002283
002291
002301
002318
002320
002326
002327
002351
002361
002373
002382
002385
002389
002398
002404
002405
002406
002408
002436
002438
002444
002489
002493
002494
002539
002544
002559
002562
002568
002582
002625
002632
002639
002661
002669
002674
002683
002685
002698
002701
002706
002726
002732
002734
002738
002746
002755
002788
002809
002811
002819
002822
002833
002838
002840
002851
002869
002891
002897
002913
002918
002925
002930
002946
002950
002957
002959
002973
002975
002979
002985
430005
430046
430074
430161
430234
430418
600008
600009
600023
600025
600026
600028
600068
600096
600110
600111
600127
600138
600167
600180
600188
600206
600208
600216
600223
600233
600282
600285
600299
600328
600336
600399
600436
600452
600475
600487
600498
600500
600507
600521
600522
600528
600545
600556
600578
600582
600583
600606
600667
600673
600690
600737
600742
600746
600779
600794
600820
600835
600837
600839
600850
600863
600871
600872
600875
600886
600929
600963
600968
600970
600998
600999
601003
601098
601111
601128
601163
601200
601222
601238
601288
601330
601336
601608
601618
601658
601668
601678
601698
601727
601816
601838
601857
601919
601949
601952
603026
603030
603033
603035
603039
603041
603063
603066
603068
603081
603096
603103
603111
603131
603133
603183
603228
603232
603238
603256
603267
603278
603299
603300
603305
603313
603317
603333
603353
603358
603369
603385
603396
603416
603456
603516
603528
603551
603556
603579
603586
603589
603601
603608
603611
603617
603636
603658
603662
603668
603680
603697
603733
603766
603839
603859
603868
603878
603890
603901
603912
603927
603978
603979
603987
603990
603993
688022
688025
688033
688036
688039
688122
688123
688128
688139
688181
688196
688199
688208
688233
688258
688360
830777
830881
831287
831317
831961
832139
832462
832522
832645
832954
833503
833819
834845
835092
835185
837455
837784
838758
839483
839711
870043
873023
