600519
000651
603605
600031
002557
002594
600309
603983
600570
000625
002242
600305
601633
603899
600048
603345
000002
002202
002271
002563
002798
601012
000977
600104
002572
002624
601238
000858
000860
002353
002475
002677
600809
603501
603517
002372
600258
603027
002078
002555
600741
600845
600887
002127
002821
603369
603708
603939
000063
002831
600011
600323
603288
603916
001979
002001
002690
600298
000157
002035
002258
002648
600161
600438
000895
002007
002191
002311
002460
601615
603801
002146
002304
002508
002912
600346
601636
603866
000596
000656
000951
002025
002100
002241
002714
002959
603195
603236
000671
000733
002142
002938
600496
601828
603127
603686
603833
000961
601601
601688
