000625
000002
002594
600104
601100
000651
600872
603317
000858
600547
601888
000895
601689
600426
603486
603881
000333
000961
002439
603369
000157
000403
000425
002511
002920
002938
600745
600754
601231
601238
603517
603833
000568
002126
002127
002555
002607
002798
002918
600383
600398
600498
600588
600690
600885
600887
601009
601225
603808
000967
000977
002024
002084
002120
002242
002281
002304
002705
600031
600143
600309
600522
600570
600584
600900
601058
601933
603179
603338
603596
603611
000338
000538
000681
002078
002129
002221
002368
002563
002912
600036
600305
600406
601139
601233
601688
601699
603195
603501
603520
603587
603658
603777
603799
688012
000063
000656
000876
001979
002027
