601899
000858
002001
000625
601128
601633
000938
601211
601601
601888
600655
600859
000002
000651
002594
600570
603883
000656
001914
001979
002605
600132
000100
002129
002705
600104
600185
600315
600887
601238
000546
000596
000961
000967
002126
002223
002258
002352
002384
002456
002541
002602
002648
002690
002697
002706
002714
002832
002982
600009
600276
600383
600567
600600
600745
600809
600862
600988
601636
603456
603650
603690
688363
000403
000425
000526
000877
000921
000923
002078
002171
002254
002351
002353
002557
002601
002607
002624
002709
002831
002906
002938
600048
600298
600309
600547
600597
601155
601799
603214
603290
605188
000063
000513
000636
000725
000786
000807
000876
000895
