600872
002410
600600
000002
002007
600276
002597
000656
002601
002812
002511
000661
002304
002607
600426
002352
000063
002129
002916
002507
600036
600309
000895
002396
000625
000786
600588
601088
603259
002572
002867
600585
601601
601899
002508
002555
600176
601336
601628
603288
688111
002138
002353
002563
600030
600438
601211
601658
601808
000401
000513
002153
002419
002463
002798
600519
603558
603801
002080
002127
002439
002475
600183
601633
601818
603018
603214
000333
000538
002142
002182
002242
002415
002459
002706
600009
600027
600837
000338
000975
002025
002233
002258
002299
002402
002460
600201
600496
601666
000858
002371
002697
600050
601398
601998
603496
603659
603707
603799
603806
