600438
601012
002508
002812
600031
002459
600030
002475
603501
000063
000977
002607
601888
002353
002601
603259
603345
603833
002126
002242
600984
603290
000938
002129
002832
600114
600519
603236
603700
603719
000333
002032
002050
002171
002600
600104
603288
603806
002001
002258
002541
002798
002850
002916
600183
600309
600584
600585
600885
600887
601865
601899
603018
603195
603489
603713
603816
603899
000002
000100
000157
002080
002271
002594
002697
002739
002777
002821
002831
002878
002967
600048
600426
600547
600720
600732
600862
600966
601100
601137
601233
601390
603650
603916
000401
000425
000708
000967
002013
002206
002233
002402
002677
002867
600038
600160
600161
600276
600297
600346
600406
600496
600567
600570
600580
601186
601615
601828
601933
603010
603060
603605
603606
603799
000651
000661
000902
000970
002081
002100
002138
002156
002158
002273
002312
002371
002456
002460
002465
002563
002597
002641
002643
002705
002901
002912
002982
600027
600066
600176
600201
600258
600305
600352
600378
600395
600588
600612
600760
600763
600809
600867
600967
600985
601088
601633
601666
601808
601966
603005
603127
603214
603260
603517
603558
603612
603659
603866
